28

18222336979 F 060201 063539

18222336979 B 063601 063802

18222336979 C 063806 064607

18222336979 D 064615 065816

18222336979 A 065827 160003

18222336979 D 160013 161605

18222336979 C 161617 162633

18222336979 B 162702 172333

13810013509 C 080005 092537

13810013509 A 100356 124732

13810013509 C 125021 161619

13810013509 F 162315 163857

13810013509 B 163901 205602

13810013509 C 210509 230108

13810013509 D 230901 232556

13557912211 B 060615 080239

13557912211 E 120507 150309

13557912211 C 162633 163621

13557912211 B 163855 172209

13557912211 D 200609 230901

13985992766 A 070000 120203

13985992766 F 130506 160000

13985992766 B 160102 161503

13985992766 C 161617 163058

13985992766 E 163302 180709

13985992766 D 190005 200729

15857596331 D 000201 235051

13877882206 C 003123 220806

13877882206